38 3
0
12
16
37
1
13
21
36
2
5
6
28
3
7
10
27
0
4
7
18
5
13
17
21
4
5
6
26
7
9
17
32
6
7
8
24
7
9
10
13
5
10
19
21
9
10
11
18
12
14
23
30
5
13
22
31
8
14
28
36
8
15
19
24
16
17
21
32
13
17
27
36
5
8
15
18
3
18
19
26
9
10
12
20
2
4
21
30
12
14
22
23
16
17
23
30
4
10
24
37
8
20
22
25
20
26
28
29
24
27
28
35
10
13
19
28
0
27
29
32
25
29
30
32
10
13
31
32
8
19
27
32
2
3
16
33
0
15
27
34
23
34
35
37
3
8
22
36
11
16
35
37
0.315905
0.344171
0.236531
0.620314
0.436964
0.006897
0.942218
0.167762
0.244990
0.803408
0.556365
0.167412
0.745956
0.836933
0.595309
0.322728
0.174946
0.674868
0.042120
0.849065
0.815129
0.641660
0.256338
0.001179
0.120228
0.974975
0.890835
0.705019
0.664061
0.961317
0.040400
0.376983
0.558926
0.886141
0.906697
0.483997
0.613032
0.965780
0.558712
0.418937
0.811606
0.936908
0.813604
0.318936
0.506337
0.521497
0.137447
0.034828
0.646209
0.817345
0.315447
0.761436
0.039822
0.351012
0.929065
0.150149
0.452059
0.292986
0.575554
0.074660
0.385452
0.956458
0.385074
0.857574
0.139068
0.896997
0.321752
0.986987
0.134547
0.765091
0.858677
0.979969
0.729379
0.625779
0.238259
0.188524
0.648911
0.868902
0.174886
0.853079
0.590046
0.334259
0.543056
0.000146
0.605577
0.455048
0.731214
0.099544
0.716578
0.106587
0.816717
0.588426
0.165512
0.956596
0.547405
0.530065
0.319933
0.837639
0.075971
0.673323
0.770008
0.612617
0.441466
0.301679
0.471374
0.891612
0.335410
0.415247
0.371428
0.953642
0.339936
0.969602
0.726357
0.040022
0.111454
0.463618
0.904944
0.977854
0.131502
0.970511
0.127967
0.864002
0.834563
0.771680
0.191938
0.567967
0.467647
0.750818
0.897301
0.703156
0.597657
0.418143
0.548623
0.734192
0.855091
0.106813
0.364342
0.857687
0.370550
0.730358
0.215170
0.155714
0.453674
0.208127
0.652524
0.815459
0.702588
0.930307
0.935329
0.614025
0.337655
0.665312
0.405547
0.187339
0.702388
0.628448
0.363893
0.616543
0.681312
0.822594
0.979633
0.412979
0.070662
0.036812
0.765170
0.802467
0.831955
0.939498
0.504852
0.880147
0.820312
0.403957
0.349972
0.193591
0.966054
0.396080
0.948398
0.852390
0.617637
0.046383
0.494730
0.910134
0.549326
0.453824
0.145089
0.967717
0.913278
0.415804
0.107505
0.170147
0.358430
0.264814
0.055845
0.274265
0.076143
0.522588
0.345359
0.810263
0.059714
0.945496
0.556787
0.366592
0.576887
0.412517
0.831498
0.052735
0.876417
0.286822
0.364573
0.308910
0.064908
0.336946
0.032691
0.388777
0.047331
0.713042
0.262480
0.319831
0.566875
0.262470
0.443425
0.346515
0.450279
0.835447
0.762210
0.929029
0.604578
0.024997
0.309930
0.847943
0.871932
0.676816
0.439167
0.157731
0.326404
0.144948
0.658161
0.048262
0.584534
0.371165
0.595502
0.949017
0.401339
0.316029
0.101160
0.352399
0.354932
0.288051
0.568253
0.481358
0.850897
0.740036
0.416286
0.163622
0.239934
0.496959
0.567523
0.910301
0.105787
0.421820
0.046040
0.118501
0.169253
0.598782
0.215238
0.790182
0.210008
0.740950
0.517246
0.938375
0.511471
0.103277
0.217895
0.534803
0.495704
0.300582
0.880279
0.606260
0.332193
0.195265
0.320912
0.854906
0.597252
0.010407
0.111132
0.119401
0.991861
0.481970
0.963219
0.872389
0.066092
0.052254
0.953108
0.877173
0.644151
0.278169
0.549119
0.400907
0.398056
0.281932
0.626413
0.035818
0.985349
0.952692
0.017634
0.241135
0.753328
0.812793
0.728209
0.602182
0.342232
0.031810
0.000489
0.359835
0.018089
0.506337
0.171067
0.429545
0.603782
0.039308
0.043555
0.962981
0.283102
0.899634
0.911299
0.126530
0.648807
0.608517
0.582020
0.246063
0.303525
0.021829
0.295441
0.166713
0.520547
0.100575
0.034288
0.594737
0.038572
0.063020
0.604420
0.875193
0.927503
0.064726
0.007709
0.631250
0.729194
0.771841
0.368074
0.036278
0.435173
0.255708
0.592026
0.125275
0.390062
0.115638
0.044329
0.336415
0.344278
0.092649
0.080912
0.873158
0.090198
0.991470
0.663972
0.964851
0.508392
0.528342
0.972668
0.712384
0.709717
0.289962
0.923072
0.477599
0.162803
0.121246
0.948170
0.237148
0.160819
0.554525
0.056888
0.687159
0.981388
0.576472
0.832622
0.411328
0.741714
0.636009
0.862334
0.851213
0.642970
0.371756
0.933495
0.915989
0.552840
0.144274
0.899147
0.032913
0.045628
0.405607
0.920397
0.227739
0.893776
0.785452
0.432534
0.834931
0.863997
0.336226
0.164469
0.803333
0.212436
0.807072
0.511798
0.719393
0.048642
0.288048
0.018992
0.143800
0.571576
0.510892
0.801151
0.497397
0.801431
0.639192
0.145234
0.056468
0.077551
0.369253
0.124946
0.807201
0.772093
0.025377
0.341230
0.755957
0.675369
0.933686
0.292476
0.683266
0.903990
0.320718
0.301171
0.545108
0.846010
0.410207
0.173228
0.867935
0.980550
0.993404
0.451501
0.837582
0.446467
0.075977
0.516860
0.150423
0.021916
0.338121
0.678302
0.389086
0.616870
0.811477
0.162615
0.224751
0.781235
0.810441
0.816131
0.715494
0.836336
0.128527
0.742275
0.194988
0.181206
0.428425
0.476252
0.883078
0.783132
0.260837
0.228659
0.622600
0.811583
0.441664
0.242617
0.105096
0.541084
0.554979
0.002201
0.738679
0.474985
0.550777
0.446237
0.094839
0.750532
0.946710
0.086559
0.633491
0.800059
0.507444
0.249344
0.665880
0.510755
0.166164
0.056573
0.837405
0.940893
0.853406
0.174031
0.520397
0.315257
0.887016
0.826606
0.897534
0.959754
0.681902
0.511467
0.937066
0.085497
0.056044
0.162231
0.002385
0.552563
0.797742
0.617546
0.486811
0.651573
0.709382
0.685985
0.394341
0.566908
0.133764
0.903813
0.301848
0.830136
0.639459
0.810236
0.322598
0.231262
0.584645
0.970060
0.092527
0.882334
0.992793
0.502031
0.495886
0.960748
0.742773
0.615914
0.970030
0.884435
0.558861
0.892894
0.071396
0.899742
0.363787
0.508654
0.409115
0.559605
0.842557
0.138206
0.027950
0.469941
0.648091
0.656810
0.296833
0.385924
0.458841
0.464960
0.550573
0.928458
0.325164
0.073615
0.607841
0.449713
0.517523
0.593861
0.450335
0.118201
0.472355
0.615507
0.976805
0.102077
0.281850
0.557365
0.494444
0.198812
0.989379
0.668281
0.273890
0.838779
0.482557
0.035296
0.676682
0.388397
0.915258
0.615157
0.419332
0.101595
0.406807
0.197345
0.561351
0.547302
0.160305
0.203076
0.059451
0.201351
0.001337
0.245717
0.275149
0.335923
0.318568
Optimum: 29.345016000000008